llegue
('error: ', 0.98273229488500524)
w_old
[ 0.06286528  0.08970368 -0.081875    0.09004683  0.09251372 -0.05797919
 -0.09274493 -0.09003428]
delta_w_output: 
[-0.00747331  0.01190903 -0.00957403  0.01195703  0.01230261 -0.00692105
 -0.01074047 -0.01045199]
w_new
[ 0.06137061  0.09208548 -0.08378981  0.09243823  0.09497424 -0.0593634
 -0.09489302 -0.09212468]
y[0]
[1 0 0 0 0 0 0 0]
ynet
[ 0.52344015  0.53342183  0.46948739  0.5335493   0.53446553  0.47837932
  0.46544861  0.46645536]
w_output
[ 0.06137061  0.09208548 -0.08378981  0.09243823  0.09497424 -0.0593634
 -0.09489302 -0.09212468]
